msroricus. 1 117

11881111 Petrae 1, 125. 1181888188 1811181, 215.
manages Libya 1,11. 11181888518881118111, 20,102,101.
uarngataa 1, 201, 212-215. Melanippus 1181881 f. 5, 51.

1, 11 81 112. 81111111815111111511. 1.
Matiani 81811188 1, 180 81 202. Melanthia· 11111. 5, 01.

pop. 1. 12. 5, 01. 5108152. 118188111118081181 p. 1,11·1. 5, 85.
’1,12. Melae flur. Thessaliae 1, 108
mater deornm 1, 25. 1118111188- Thraciae 1, 58.

na 1, 80. Hypanin 1, 52. Ponti Melae 8111118 5, 11. ·

1, 85. ” 1118188 fluam.
Mausolea· 088 5, 110. Melea Sardianus 1, 81.
8881188181, 101. ‘ 111818818888811888888115888.
, 8881181111811 1, 15581151. Meliboea 118118 1, 188.
meai-ter Adrasti frater 5, 51. 1118111 8, 15 8118.
’ Mecyberna 88118 maa. 10811888 Periandri uxor 8, 50.
³ MedeaI, 2. ’1, 52. 5, 02. -
8181118108ᾱί 1, 12 8118, 05 8811, 1188511888 Cadmi roeiur 1,
110, 150. 1,151 et 10. 0, 112. 7, 117.

52 81210. Medic 1, 01. Memnonia 5, 55 8151. 1, 151.
medici Aegyptii 2, 81. 1, 1 81 Μ811η111181181182,5,10,00.
12081111. medicamenta 088888 10888888118111181111118 p. 5, 55 81
18818885,150. 11. 8, 151. ·
’ 18111811181511111,182 1181151888. ’1,128.
= 1088818188 Perea 5, 82. Μ8111188 l'an 8888881112, 12
ὲ Μ8881188118Ρ88881,01. 8115.
8181111111281111,1081518, Mendesium Nili 88111118 2, 11.
115 81 111. 5, 1, 15, 11. aliur 1088118818 8888188111882,12,15,
i 5,150. 1, 82. 155. Μ881188112,128110.
1 Megada· 811188. 1. 1, 50-51. 1188818118 2, 110.
1 5, 125.11.0,121“888.1115,151. 1188818188 portius 1, 150.
’ Megaeram Abderita 1, 120. 1118888 1188181218100.
1088818888 Perea 1, 105. 11888811811811111.11.28.
2181888888 1, 52. Μ8111118188.5,11.
Megara, 111888818818888, Mega· mensa 88118 5, 18 81 25.

8811888 1, 50. 0, 1181 21. mensis intercalaris 1, 52. 2, 1
881181118181111. 1, 155. 1118818811. 5. 1. 25.
Megareia· Perea 1, 12. Mentor 1111888118. 11. ’1. 25.
111118588188181188 1, 210, 221, Μ881181118 1188111118 1, 08.

228. 1118111118, 5181158. apud
mel 8 palma 1,105. 8 myrica 1, Thrace· 5, 1.

81. 8181118 magna eopia 881111 meretrices Naucratieae 21³5. “

8111181114, 101.Ι 88111188 111.
1181888182811188818 5. 2, 10. 1188888088 111 81 11
0, 11, 118885 88118220.

 

