180 mnnx

Διὶι11111η10111111111.1111111111.1,11.- ν
Aristodemus Eurysthenis 111111111111111111111111111,
Ρ1111111..,.,.4,11112048111 1111111112111111
Aristodemus 1111111 1,111 11 111111(Ι 111111 Amiterni: 111,
111.1111111110.1,101114.
1111111111101ι1111111111 11111111111111111, 111-111.
111111111111111111111111111111.
111111111111,11.1,111.1111111111111.1,1111111.
1111111111111111. 1,11. artuum· 1111111. 0,11.
111111111111111111 111111 111. 111111111111111111 1, 111-110.
1, 111. 0, 111. Ambae· Peru 1, 111.
11111111111111111110. 1111111111 1,11.8,08,81,11,111.
Ariston 1111111111 p. 0, 01- Δι11111111111,11.1,11111111.
111101.1,1-111111-11.
Aristonico 1111111141. 1111111111 Vm· 4. 11.
1111111111 Sicyonius 8 110. 11111111 fluv. 4. 11.

Ari-top 111111 1111111111 0, 10111111111111111111111111, 11
81111111111111 ’1111101111111111111 nannai p. 1,111.
110. 111111111ἰί1ηο 01.
11111111111111111111 1. 111. 11111111111, 110 11111. qun
111111Ρ11111,81.1111111111111111 111 0, 11.
11111111ιί11, 111. 1, 11. 1, 11. 111111111101111.
11111111111111111111. 1111111111, 01.

11111111 81111111 1110. 1111 11111111, 00 1101
111111111111111111111111, 01. 1111 1111101111.1,88.1,11.
Δ1111111111111111111011,111111111110011100.

11 11 1211111111 ,1111111 nubit 1,11.
11111111011ιιὲ1, 01. 11111 1111111111, 111.

1111111 1111111111Ρ1111111,111.11111111 11111,101.
Artabanus 011ἰί frater 4, 81. 111111 1, 11.

1, 11, 11, 11, 10-11, 000111 11111,1,11,11101,110,111
Δ11111111111111101. 1,11.1,11-10,11,11.1,11.
Δ11111111111Χ111111111111, 1 1,11.1,111.
11111111Ρ111111111111011Α1
1111111111, 00. 1,110-111.11111111111114, 11.
0,11,00,00. Δ11110111111.1,11.

Artace 1111111, 14. 01111111111111111.
11111111111111111. 1,1111 11111111 11111111 Ametinum
11111111111118, 110. 011 1,111.111111111111111111,18
11101111, 111111ο 111111 1, 01. 11ιῖ111 111111ξὲ11 40011οι1.ἐι ⁴¹
1111111 1111111111 1.1,11 11111111 vox 1111111111.

“· Azania· 110. 0111111111 1111111111 101.
11111111111111111111,111. 1111110,11.

 

