ussro-mo'us. ' 3⁰7

1111111,193.1,69. 11111114,138. 1111111,131.
11111 1, 139. oves 111111 9, 93. solem ex·
1111111111... τ, 1. 111111111*ῗῖ1“ἔῖ111.““’
11111111112, 94. Soloeis promont. 2, 32. 4, 43.
,1111111111111 192. 81111 1, 29 sqq. 2, 111. 5, 113.
11111114, 194. , 3111111111111.
11111111101111, 132. 1, 228. somnis nulls ,4111111111 4, 184.
Sindi, 81111111 4, 281186. 1 somniis 11111111 4, 112. 8,
1111111111, 123. 134. memorabilia 1111111111,
1111811111.1,122. 111118. Astyagis 1, 19111
1111111111, 13. 2, 34. 4, 12. 138. Croesi 1, 34. cyri 1, 299.
orphans, 81111113, 11 1158. (1111111111 3, 31. 1111111111111
8, 16 et 48. 3, 118. 11111111111111113, 124.
’11111 111111111113, 12. 811111 11311311 6, 131. Xerxis 1, 12,
6,12ι 1 .

11111 Paeonios opp. 8, 115. 81111111811.3,92. 9,13-15. ·

811111111115, 15, sophista Pythagoras 4, 35. So·

111111111111111 1, 3811 19. 1111, 29.

111111101111115,134. Tyrius sororis matrimonium 3, 31.

1, 98. Sosicles 0111111111 5, 92.

1111111111111533. 1111111, 55. sosimenes Tenios 3, 82,

1111111111 11111 5, 121. 811111111 11111111, 152.

11111111, 51. 8111111111111111111 1, 113.

1111111114, 83. 1, 131. 811111111111311111111 1, 211.

1111111111 1, 122. Spargspithss Agathyrna· 4, 18.

8111111112, 112. spasmo medetur 11111 hirci 4,

111111311841. 181.

Smerdifflyri f. 3, 331135. Ms- Spercheos fluv. 1, 198 11228.

11113, 31 sqq. 8111111111 111. 1, los—1³7.

Smerdomenos 1, 82 ot 121. 8111111111119, 15.

1111111111. 1, 123. spu vox Scyth. 4, 21.

8111111113118111111116, 121. spuere indecorum 1, 99.

1113γὲ11Τῖ11,. 1, 14ἰ1126,-149. stfflium, orgyis, cubitus, 11112,
. . 11111111 . .

Sogdi 3, 93. 6, 33. 81111111 opp. 1, 115.

sol 31111111 111111111131111- stannum 3, 115.

bus dexter 4, 42. matutinus 11111111 11111 Ephesum 11 8111

opud Indos ardentissimus 3, 5, 52.

134. 11111 1111111111 1, 223. 811111111111111, 58.

11111111111 11111111 2, 142. Stenyelerus opp. 9, 64.

11114, 181. 111111111111132. Stesagoras Cimonis p· 3, 34, 33.
1111113, 13. 11111111111111111 133. “

Massagetas 1, 21211213. Nso 81111111 ου1112111111, 113-

 

