242 {mx

my lonicum 011000008ιο. 11080100 0100108100 00 108 ι
Babylonii poli 00 gnomonis 10- 80101οῳ0010. 1, 01. Ninp. 1. 0
001000012, 100 eorm 000000 11οω1010000 8188.
101100100011,104100 foedu- 80101 0000000101, 111.
m 000000 1, 11. 0011000 eum 8110 01010ωρ01110 0110100, 14
00001,110.00001110000110810100000101 2100110 ,
ι108, 1'50. 81111000 Abydenus 0, 20,
80001οι 001010 2,20,42,48, 144, 8101101100 rex 8, 118.
100. 8, 01 0100118, 8. 8000οἰ 81110111, 110.
οη00101ι1,111.0001’010οι4,81. 8100101000οι1, 181.
810ιο111814, 10 00 108. 810000οι Thracen, 110.
010011001010018, 01. 8000ιὶ111001, 100,
81000101 00 ⁰¹1¹ 1100 1000100οι Bith· 1,28.1, 11.
01018010001101100 11000010000181.
10010102, 81. 800001000100 1, m.
8100000001, 02 8000οἰ12, 40. 0, 01.
810108, 20, 11, 00. 0, 48. 8000011,1400111,208010
81001010080.0,110. 0, 08.
81000118, 02. 4204. 10010100. 80000101οΙμβᾶδις1, 180.
8100011018, 02. 800 00800001, 10100118.
80000111, 040080 80101000010111 0001010211
8100018000101011, 11. 801100001οοί 000000ὶῖ. 21. 24
81111001. 80000 800000100000000 1000011οω100 001001
10100203100.
8100000810001101280110- 0001010102. =
10010110108οη100000101004,18,00,41,01
1111011000 000110ιί0. ’1, 10. 800000000010000 4, 18.
81000 00018, 01. 4, 100 00 200 80000010010004, 18, 08, 21.
81000 010014, 204 000012, 88 0041. 4, 20, 01, 110
81000018180100101201-204.182, 180.
81000ιί01.8101000. 8010000101010011004, n, 21
01011001 Aom 0. 2,οῦ. 100. Thracius 4, 888080.
8111101οι 100 8182. 1100011001, 128 00 121.
1010010114, 102. 1100010011, 180. 8, 121.
80000100000100118. 24. 80100011101,40,02,101.2,111.
8000100101000. ’
01000101οι00 0018110 8010000 4, 1408, 188.
8000014100, 1110110, 88100101101101, 108.
guttas IL 4100801100 qui postetl‘hryw, 11
00000111. 4, 101. 80000 01 fluv. 449.
001000 0000 obitum 001001, 02 Brundusium 00014, 00.
‘eft 80. 81100 110ιί10. 1, 12.
101001001000108, 20, Bry 0110010000, 411, 180.
. 10011000000020 0000000001, ιιι

 

