fflsTolucUs.

Aglaun 66616611 61116 111611 6111111611, 8.

8, 66. . 611116 1, 131.

6116116611 1611111, 161. 6161666611661 6, 69.
1111116161, 66 61. 16 6111. 616611 prope Thermopyla· 1,
61616616111, 66. 11661119. ·

Agriane· 66116, 16. Alpheus 1161. 1,·111.
Agrigentini 1, 166 et 116. 6161111161, 16.
6316186111111611Λ. 616111116611116111611111111
Agyllaei 1, 161. 1, 11661191.

Aiax ’1611116111 fil. 6, 66. 6, 66. Alyattos 1, 16 - 25, 16. 69. 61.

6, 61 et 111. 6111111 Persarum dux 1, 161,
6111661161 61. 661116. 161166.
6116111161611111166116 11166. 6111111 nex 1,11. 1, 161, 161.
6111166111 in 0111111, 116. 111, 181. 11, 1, 111, 1611.
6111116611161661611,16661166. 61111161, 6111166111 6, 161166.
6161611116, 91. 1, 19. Amazones 1, 116- 111.
616111611666611111611, 161.· Amazonidos 9, 11.
61116161661111161, 11 6161. Ambracia 1111. 61111.
6166661116161111111. 1, 1. 61611111 Xerxis uxor 1, 61 61
6161161 161116, 96. 111. 9, 166 61 111.
61611666161111. 1, 161. 6161611111 616116, 111.
61661616111161 1, 61. 61116161 6111. 6, 916166.

, 6166161 Macedo 9, 69. , 61116616116116611,196.
Alcibiade· (1116116 pm, 11. 6111161111 1,616111.616.1,181.
, 6161661 Spart. 6, 61. 61161116116611111,16.1, 61 ,
’ 6161116111111611166111 6,161. 6166.

Alcimus, 1661116111 put 11. 1. 666111616161116916, 1166.
Alcmaeon 616116111 pat. 1, 69. Amorgos Pom 6, 111.
6166166166116111 1111611161, 61161 61616, 16.
6111111611116111, n 1611611116...
61111111 1111111111 mter 2, 6 6111116181 11111. ⁸32⁸*

61 116. 1111161616111116, 69.
Aleon 1611161161 6, 111. Amphictyones 9, 186. 1, 61. 1,
6161 Minerva 1, 66. 9, 16. 166, 116116.

6161611661 1, 91. 1, 111. Amphictyon· 1611 11111, 166.
616161 campus 6,96. 61611611611611 gereris 1611·
ΑιθΙΙιᾱΙθ 16 6 et ln 0110, ⁵⁸· plna 1, m·

6161616611. Amphilochus Amphiarai 11. 6,
Alexander 11116666 6, 19- 11. 61. 1, 91.

1, 116. 6, 166 .- 116.6,11. 6666111161 6161111 1, 61.
6116311161οῆ 1111111 nl. 1, 61, 6366116666 6111161111 6,

 

