111810111οΰ0.

(11111111 opp. 110.

m
11111111. oreos. 1, ss. 11..

1171111111 penis Aegypt. 1,11. 1111111111, 71 11111.
01111111 Syracusanorum servi Dsphnm 0111111113011101.

’1, 100.
Cylon Δ111. 0,11.

Daphnis Abydenus 1, 100.
011011111111 0, 111. 1, 40

cyma, (tymaei 1,110, 107, 100. 01101111111 1, 100.

0,οῦ 11110,7,101.11.1.1.111111. 0111111 11111101.
0111110111111111 1. 1, 100,.101,
1111111 11 70 sqq. 1, 0110
Darius 1111111 1. 0, 100.
Dssoylaum opp. 1. 11011110.

cynaegirm Δ111. 0, 111.
0111111 111111111ιί1 0, 101.
01111111 1, 20. Cynetes 1, 10.
0111111111 21111111110, 11.
Cyno 1. Spsoo 1, 110 sqq.
cynocephalis, 101.
Cynosarges 0, 00. 0, 110·
Cynosura 1111. 0, 10.
(11111111 pop. 0, 10.

cypri· 11111111 1, 110.

Dascylos 0531· p. 1, 0.

01111 Medus 1101, 001101,οἱ
Datum opp. 0, 70.

0111111111β. 0, 00
01111111 1111011011111.

cyprus, cyprii 1,100.1,101.0, 0111111, 01111111110, 101110.

10 et 01. 0, 101-110. 7, 00.

0111111011. 0, 10.

cypri eleves promont. 0, lus. 1111111 11111 suere 1, 11. Ml.

Cypselus Miltiadis p. 0, 00.

0111111 1, 1010, 00 ·— 101.

Cypselus Periandri p· 1, 1011 Deiphonus Apolloniam 0, 00·

114. 0, 01. 0, 110.
cyrrum· 1111. 1, 100.

0111111110, 118.
Delphi 1, 14, 10. 10, 00 -· 01,

cyrene, 0111111111, Cyrenaei 01. 1, 100. 0, 01. 1, 170. 0, 00.
1, 01.0,10,101,101.4,1011111. 011110111111111111ῌο,10,110.

cynossema 1, 107.
Cyrnus opp. 0, 100.
cyrus 0111111111, 111.

0111101111 1, 01. 0, 110. 4, 00
-351 61 97 οι ⁹⁸· 8, ¹82· ⁹, 90,
0111111111 111111. 111010. 0,

Cyrus 1 passim, 0, 00, 00, 100. 01 sqq. 1, 0, 101,100,101,100.

¹1, 11. 0, 122.

. 011111111111 11110, 41. 0, 00.

Cythereius. 10111100. 0100. 0111111011 01111111110, 110.
0111111111,01111111,00.0,401101. 110, 101 sqq.

01111111111111111 f. 7, 101.

11111111011 commoda 1111-

11111111, Cyziceni 0, 11 1170. 1111111110,00-0111.0,40.

0, 00.

01111111111111111110, 10.

01111111 pop. 0, 0’1.7, 00. · 0111111111 011111111111101.

0111111111, 110.
011 Perseo 1, 110.

0111111111 l’a 1111111, 100.
Demophilus hespiensis'l.2²2'

Damasithymus Car 7, 00. cs· 0111111ΤΙ1111111,110.

ludensis 0, 01.
Damasus 811111 0, 117.
0111111 1110, 01 1100.

0111111111 Persae 1, 110.
Deucalion 1, 00.
011111111110110,11 crano-

011111 1, 01. 0007, 0011 100. 111110, 111.

 

