msuomcus: = 28⁹

1111111111, Ephesii 1, 23, 142, 11111111111111111111,111.
141.2,11),143,158.5,54. 1311111111 Ammonio· 2, 52-
11111111111 1, 213 sqq. 6111111111 4, 154.

photi 1, 65. 3, 148. 5, 33. 6, 13, Ε11111115, 61.

35, 82 3, 3 ot 16. [1111111111 Luc. ’1, 113.
1111111111111111111111124. 3111111111. 11, 163. ’
111111111111, 6, 86. 1111111111 Ε11111111115, 162.
11111111111111.1, 136. Euboea, 111111111111 4, 83. 5,
1111111111,.Ε11111111111 1, 143. 31. 8, 4 et 23. Euboeae dno«
1, 11. 111111. o, 11. o, 111. 111111, 13.

11111111 Homeri 4, 32. 11111111111 in 81111111, 156.
πωκύθισον 3, 84. ἡ Euboicum 1111111111 3, 611 1135.
1111111111111113111111111111116,121, 3111111131111111, 155.

Epium opp, 4, 148. 1111111111 cyprum 4, 16211134.
1111111111 Au. 6, 111. 1111111111 Persarum 3, 154, 5,
1111111117ιί1 Locri 6, 23. 11. 6, 23.8,85.1.11111111111111-
111111111111 1111111,51.1111111 rum 1, 61·
1111111111116,,103. ¹ 1111111111 Δ1111111ἰ1113,321111.
111111 Babylonii 1,132. candidi Ευ111111111111111. 4,111. Eur
11111 1, 113 111, 55. cilicii 3, homeritae 4. 138.

30. 1111111112, 11. ludici 11 111111111111111.11.1.
11111113, 106. Ρ1111111115,16. 111111111114111. 8, 33.
quadriiugi 4, 183. 811111111- Ε111111111114, 143. 3, 31.
11111153. 11111111114,12. Theo· 1111111111 111. rex 8, 181.
1111111, 133. venatici 4, 22. 1111111111 8, 135.
11111111811111111 8, 124. 111111111111111111111113, 66.
311111111111. 6, 16. Euphorbus Ε11111111111 11, 131.

Erechtheus 5, 82. 1, 133. 8, 44 Euphorion 14111. 2, 156 111114.
11 55. Δ111111, 121.

111111111111111111 1133. Euphrates fluv. 1, 185 11 131.
6111111, 1111111111111,11. 5, 11, 52.

33.6,43,34,131,113.8, 46. 3, 28. 1111111115,11.’1, 11311132. 8,15.
Ε11111111111111. 3, 115. Europa 3, 115. 4, 4211451, 5.
Erinyn 1111 4, 143. Europa Tyrio 1, 2 11113. 4, 45.
1311111111 opp. 8, 13. 1111111111 111. 3, 13, 53, 55.
1111111111 11111111111111 4, 31. Eurybates ,41111111631315
5, 31. 11111111111111.1,1,11,11,111.
1111111111 5, 43 1145. 1111111111111111, 2.
1111111111. 4, 8. 13111111111111. 1, 234.
Erythro 1111111 opp. 1, 111. 1111111111111111. 1, 234.
1111191111 Β11111111 1, 25. 3, 15 1311111111 1111111ὴί111 uxot 0,
11 1 . 1.

orythm 1111111, Erythraei 1, 111111111111111111111, 213. ’
1311 142. 3, 3. 1111111111 111. 5, 46.

11111111. 111. 2

 

