111 ⁸ mnssx

Εέτηῖιὶιο 11111, 111. 1, 11. 1, 811111111111 nstin· 111111.
11 . , . 1 .
8111111111111111111111, 11. 81111111 0111, 18.
811111 111. 1, 11111 111. 8111111111 111. 5,11.
1111111111111111111,112. 1, 81111111111.1,11.
89 1111- 111111 genitale nigrum 1, 111. ¹
, 8111111111 111. 1, 11. 81111111ιί1 1, 181
8111111 81111111, 11. 1111111 11,Τ11111111111 1, 211
8111111111 1,21, 11, 1111111, 81111111. 1, 11.
111. 811111 1111 1, 181, 181, 111.
8111115, 11. 111, 111.
811111111111.1,.11. 1,12 · 1111111111111111111 2. 111
svn-andrunnun 1111111111 2, 111111111, 11. 1111111111.
111. 1111111 1, 11. 11 111111111111
8111111111111. 111 8111111111 1, 181. Ser
11111111 11111111 2, 1111. 11111111 1, 111.
811111111111,111,112,181.8,1. 1111111111 regum Lae. 111
8111111 111. 1, 21. 8111111111 1, ’11 111. Thur
811111 111. 1, 121. cum 1, 8.
811111111118,11. 81111111111112, 1. 11.
81111111111111111111111,111. 81111111 8, 1111 18.
sein· 1111, 11. 81111111 111. 1, 122.
81111111111,11. 111111111111 1111118, 11. 111
8111111 scythae 1, 1, 111111111ῑί 2, ‘ts 1111 3. ¹⁰¹
8111111111, 11. 11111. cornuti 2, 111111,
scopans, 111. , lovi ueri 1, 11. l
8111111181111111, 11111118. 811111111111111111. 1, 11. ’
scriptun duplex Aegyptiorum 111111111111111 1, 88. 811111
1811818181881 ²⁹3¹? '1⁹:333‘ ¹² ‘⁰¹'⁰“¹“'''
9 ““ ι u 1
1111111111111111111,111111. 11111111 1, 111.
8111111111.1,11. . 8111111111, 1121111.
81111181111111, 18-11. 811111 11111· 41111. 1111111
8111110111111111111,11. 1111- 811111 111 2, 111.
11111, 11. 81111111, 111.
Scyllia 1111111111, 8. 81111 Lycius 1, 18. 1
8111111Ρ11111111, 181. 81111111ΤΙ1111111111111111111 ’
seminales Τ111111 1, 11. 11 11 111.
8111118111Ιί1 1. 1, 11. Sicyon, 8111111111, 1111111
81111111, Scythia 1, 1111111. 11. 1, 11.
1111. 11111111. 1, 81. 1,11. 811112, 111. 1, 111. sidonia
81111110111 1, 111.Ζ111111ι11 111111, 11, 111, 118.
1211111 . 8111111111.1,151111 111
111111111111111111111111, nont. 1, 11

 

