181 1ΝοοΧ

0111111 nnllam 1, 141. Ca· 01111111, 44.

1111 111111 1, 11. Celaenae 1111 1, 11.

01111 1, 141. 1, 11. 011111 Spart. 5, 41.
0111111111, 41. 011111 pop. 1, 11. 4, 41.
011111111111111, 111. 1, 11. canna iaanlae, 111111 11111,
0111111101. 1, 11. 111.

0111111111111, 45. 0111 111, Cal 4, 11. ⁵, 102 11.
Carpis 111. 4, 41. 41, 11.

Canthaglnlanm 1, 1112, 111, Cephallaniam, 11.

11 11 11. 4, 111. 1,145 11111. 011111111111111, 11.
0111111111. 01111111 11111 f. Andromedae
carystus, Caryatll 4, 11. 1, 11. 111111 111.

1, 11111111. 1, 111. 01111111111.1,111.1,11.
Cananhna 11111111111. 0111111111 11111 1, 114.
111111, 111. 0111111111111511, 15, 11, 11.
011111 111111, 111 111. 1, 1. 0111111111111111 H. 24.
0111111111.1,111. 01111111111111,111.
llll‘l‘hhhl’llhhll ⁰:12²} {Chhlh‘lsslhhl

1 · 1 · a 1
01111111111111,10111101.4,41. 11, 101. 11111, 511, 111, 151.
. 0111111111011111111,1.1,1. 1111114, 11. ’0111111111111
011111111111111.1,·115. 111. 1, 11. 0111111 11Ρ11111·

01111111111111,11. 111111111111111, 15.
01111111111 . 1, 11111111. cervi 11 Africanum 4, 111
01111111 Pollux 1, 411, 111 Chalcedonii 4, 144. ⁵, 211 1, 11.
1111111114, 111. chalcidem· 1, 14, 11, 11. 1.
Caetra 1111111 1101111111 in 11. 1, 11.

nonantulanam. 01111111111111101811111.
011111 ’1111111111 Aegypto Clhalltlaeltpeng, 11. natanta

112. , 81 1 1 .

0211111111. 11. 011111111111. 1, 111.
01111111111011.1,11. 1111111111. 1, 28. 7, 71,
0111111 Scythae 4, 1. 111111111111111111, 11.
01110111111, τὰ 11111111811· 011111111111. 1, 11.

111111,11. , 0111111111111111111111111
0111111 chii 111111 1, 11. 0111111111 Samius 1, 145.
01111111 1111111114, 211, 104. 0111111111 naa nax 8, 111.
01111111 1, 141. 4, 148. 0111111111. 1, 1511.

011111, Caunii 1, 11111111. 1111111111, 11.
1, 111. 011111111111111 1, 115.

011111111111. 1, 111. Chen 11111, 114.
011111111111 Ρ111111111114,11. 01111111 1111, 117 11 118.
0111111111111111111. 11. 0111111111Ρ11111,11.

 

