msromcus. ’ 311 ·

tyrannidi· 1111111111ιὶ1 9, 91. 1111111ιᾶ119.

tyrannorum 1111119, 99. Umbri pop. 1, 94. 4, 49.

Tym fluv. 4, 11, 41, 91, 91 11111111111111111.

11111114, 91. 1111111111111111111111111 1111.
Tyrodiza opp. 1, 15. spanni 4, 191.

Tyrrhenia, Tyrrheni 1, 94199, 111111111111111919, 9.

199. Tyrrheni 11Τ11111111,91. 11111, 91. 4, 191.

ryffl. ², “- Tyfiiz ¹12 Um 3, 931 1, 681 “
1111111ιί19 nette 2, 41. 1111 vulcanus 1, 9, 99, 191, 111,141,
vaccarum 4, 199. 119. 9, 91. 9, 99.

nto· Numanum 4, 111. Sey· vulptnseren 2, 71.

thurum, 91. Xanthippus Pericli. p. 9, 171
Velia 11111111111111 11111111 11199. 7, 99. 9,191. 9,11411
Uenu· 1, 199, 191, 199. 1, 41 11 Χ111191,Χ11111111 1, 179.

111, 9, 9, 4, 99 11 97. Xenagoras 111111111111111119,
ventus exereitum obruit 9, 19. 191.
111111111111911111111111114, Xerxen 1, 199. 9, 99. 7119
119. 1111111111111111119111111- panim. 9199119.

1111111 7, 191 1111111, 111. 1, Χ1111111111111.7, 94.

119. 7,179. zacynthus, ’111111111ίί9, 99. 4,
1119111111111114, 199. 199. 9, 79.

Venta 4, 99. 1111111111 4, 94.

111 111119, 94. Zancle, 11111111 919. 7, 194.
:inum palmeum 1, 191 11194. 11114.

2, 99. 9, 29. 11111111 2, 77. 111111191114, 199.

1 loto 4, 177. 11111111 4, 191.

ripam 9, 199 11 199. 11111 1, 99.

{irgine} 1, 199. 4, 111,199,199. Ζ1111111111911191.9,11.

9, 9. Zona opp. 7, 99.

rit· 1111111 ux 1111111111 1, zopynul’em 1, 199-19911
91. mx 9, 21 199. 4, 49. 111119, 199.

11111 111117, 11. Zoster promont. 9, 191.
11111911119119, 99. 7, 114.

*ru-*⁸¹-

 

