’ 1111111111. 111

11, 198. paupertatis 1111111, 111111111111115, 1111111.
1111111111111111, 192. 111511 11111119, 98.

Graeci 51151111 tonatim· 1, 11151111111, 811, 59.

59. ab Aegyptiis 111111, 119. 111111111111111111111111111.

deorum 11111112, 19. et 111· 5, 55 ot 125. 9, 131.
1111111111, 199. 1111111111 1111111111ιὶ 1, 151.
Babyloniis gnomonem 11 xn 11111118129.

1111111111 2,199. 1111111111 Hagesander Hecataei p.⁵, 122
’1111111 1111111111 minervae 1181.

1, 189. 1Ρ1111111191111111111 11111111111111111 1, 55

5, 58. 1111111111111111111111111151.
Graeci 81111111 1, 11. ’1111111 Η111111111111 1311119, 51. Sa·

1, 51. 111119991191. 811111111591
(1115111111111111111111115. 111111111111 91118, 15.
(111111111111111, 159. 111 ’1111111 9,.13,
grues 2, 11. ⁴ 111 1111112. 5,91. 9,51. m
1111111 opp. 1, 119. 1111111 11111 1, 115.

111111 · ⁸¹¹ '³²⁸¹' ⁰¹ ³’¹¹⁶' ⁴³ 11111ῗέ 1111113511
ο ¹ 1 0 Ι

ιὐγῑωας two& 11 141 τ’ 8¹ ⁹, 591 m· p

(111111 Alexandri 111115, 21. 111111111 1. 1111111 1, 155.

8, 155. 1111111, 111111). 1, 55.
(1111111111 1, 98. 11111111111111111111 2, 118
Gygen rex 1, 8 - 15, 11. 1111111 sepulcrum 1, 58.
111111151111 p. 5, 122. 5, 121. 11111111111111111111, 188
«1111111511 5, 51. Hellespontii 1, 95.
(1111111111. 1, 1891192552. Hellespontus 1, 581185. 5, 11.
Gyzantes 11111 1, 191. 1, 38 sqq. 1151.

11111111 11111 1, 19. 11010111 θ, 58, 71159, 51. 1118.
11111111111111. 1, 121. ’9, 19, 11, 28, 89.
Halicarnassus, 11111111111111- 1111111111111115, 119.

111 1, 111. 2, 1181, 99. 1191. 1111111111 in 81111115, 15
1111111111 1, 181. Heraclidae 1, 1, 15, 91. 5,11
111111 fluv. 1, 5, 2111, 15. 5, 9, 25.

51. 1, 11. Heraclide· 9115, 121. cyno·
1111111110111111.1,155. 11 1, 158 115, 31.

1111111 cuth. 1, 155. Heraeum opp. 1, 19.
11111111111111*11111,88 nercule· 1, 1. 1, 11-15, 53,

1111111111111111111111118,111. 113, 1151, 8, 19, 59, 81. 5, 198 ,

11111111111Ρ1111111119, 11. et 115. 1, 115, 193, 198, 191. 8,
1111111111 Athen. 5, 55. 1199 111. 1111111111 1111111111, 15
81 113. 41 81421431 1811 185-
111111111111111 1,89,198,118, 11111111111111 11. 2.
113,129,151,111,115. Η1111111111111.1,5.

M

 

