fflswlucus. 205

61.1111161111111,161.1,11.1,11. 0111111 1611116, 166 11 161.
06111661111, ,0611166111111 6, 0111111161 9, 19 1186.
13611111111181, n. n 6111211111611;1.11
Hellespontum& 1116116. .
0611161 Tegeam 9, 9. 0111611Ρ1111116111 9, 66.
06116 hnc. 1, 69. 6, 661, 116. 0111611 1111116111. 1. 1.
06161, Chii 1, 16, 111, 1661, Cleander 1611111616 6, 81. ,
118. 6, 16, 16, 26, 61. 8, 111. Cleandri 6661111611, 16111161.
choaspe· fluv. 6186. 6161161. 0116611 Argivus 1, 61.
choenix 16161611 6, 61. ,1, 161. 0116111161 111111 1. 6, 61. 1, 161.
066111116611. 6, 161. 6, 181.
06611111111116618611611666. 0666616161 1, 666, 168, 11.
066116161111161 p. 1, 119. 6, ιο,
0661111611 66669611111166. Cleomenen 611. rex 6116. 6,
chori 1661116111 6, 66. tragici 11, 19, 61, 19, 16, 82.

ξ 5, 61. 11616611611161611616 0116611 opp. 1, 11.
6, 21. 0116111 Ati. 8, 11.
0616611611111161 1, 61. , 0111161611116. 6, 66, 61, 1618.

; 061111 16 ’1611666161 1, 116. 11161.

. eici 2, 91. 011116161161111616166111116

1 01166111,69,191,116. 0111111111666.

2 0111111 1, 161111. 666. 619 Cnidus, 06111111, 111111116,

t 1166666611. lina, 16166161.

, 0111111 2, 11 et 81. 6, 96. 1, 61. 06611661 1111161116, 66.

; 9,191. 06666 Delphus 6, 66.

, Cilix 11166111 1. 1, 91. 0611161 l, 1116, 66 11 16 1, 61.
01111 opp. 1, 116. Κοίλη 1116, 166.

; 0161611111 1, 11. ommni 1, 6, 1611106116,16.116661118,16.

a 15,16.1,1,11,11. 0616111Τ6111616616,11.
Cimmerius 6611161611, 1111, 0611 mytilenem 1, 11. 6, 11,

t 100. 1116111161111111611 61. 68-

v 1115. 111116 1, 11. 011161181611116161,

4 011666 miltiadi· μ’. 6666666. 0166116111611, 6 111.
196. 0611611, Colchi 1, 191. ’1,161.

1 Cimon 1611111111 finiani, 161. 6, 91. 1, 61 1116. 1,16. lignun

‚ 016111 Thessalus 6, 66. colchicum 1, 196·
cinnamomum 6, 111. 061111 nra 6, 96. ,
0161616614, 116611. Colophon. Colophonii 1. 11,
016161111161, 196. 116, 111, 16611. 6.
0166 opp. 6, 116. colonie opp. 1, 69.
circumcisio 2, 66 11 191. enimsi 6166116166, 116116.
01111111111 6, 2611616119. columbae 11611 Ι, 166. nime
0111116,61.1,62,66,216. 2, 66.

0

 

